DMS_id,num_mutants_scored,num_mutants_scored_no_na,processed_MSA_depth,retrieval_inference_MSA_weight,retrieval_inference_EVE_weight
HXK4_HUMAN_Gersing_2023_abundance,8775,8775,23576,23943,0.4,0.7
KCNE1_HUMAN_Muhammad_2023_function,2413,2413,1296,2104,0.4,0.7
KCNE1_HUMAN_Muhammad_2023_expression,2413,2413,1296,2104,0.4,0.7
RNC_ECOLI_Weeks_2023,4277,4277,65948,66060,0.4,0.7
HEM3_HUMAN_Loggerenberg_2023,5972,5972,59085,59125,0.4,0.7
DYR_ECOLI_Nguyen_2023,3075,3075,56800,188025,0.4,0.8
MLAC_ECOLI_MacRae_2023,4218,4218,10589,22677,0.4,0.7
ENVZ_ECOLI_Ghose_2023,1121,1121,1218525,1877796,0.5,0.8
AICDA_HUMAN_Gajula_2014_3cycles,209,209,4532,18005,0.4,0.7
CASP3_HUMAN_Roychowdhury_2020,1567,1567,20630,85635,0.4,0.7
SRC_HUMAN_Nguyen_2022,3366,3366,37138,37311,0.4,0.7
OTC_HUMAN_Lo_2023,1570,1570,93655,134484,0.4,0.8
CASP7_HUMAN_Roychowdhury_2020,1680,1680,18800,70723,0.4,0.7
AMFR_HUMAN_Rocklin_2023_4G3O,3202,3202,8919,17781,0.4,0.7
ARGR_ECOLI_Rocklin_2023_1AOY,1287,1287,16432,21414,0.4,0.7
SRC_HUMAN_Chakraborty_2023_binding-DAS_25uM,3637,3637,37138,37311,0.4,0.7
BCHB_CHLTE_Rocklin_2023_2KRU,1648,1648,10790,12038,0.4,0.7
CBPA2_HUMAN_Rocklin_2023_1O6X,2145,2145,10291,12623,0.4,0.7
CBX4_HUMAN_Rocklin_2023_2K28,2456,2456,102085,108137,0.5,0.8
BBC1_YEAST_Rocklin_2023_1TG0,2168,2168,383767,604372,0.5,0.8
CUE1_YEAST_Rocklin_2023_2MYX,1649,1649,3131,3210,0.4,0.7
DN7A_SACS2_Rocklin_2023_1JIC,1008,1008,32587,42727,0.4,0.7
CSN4_MOUSE_Rocklin_2023_1UFM,3517,3517,17796,39150,0.4,0.7
CATR_CHLRE_Rocklin_2023_2AMI,2002,2002,423400,549890,0.5,0.8
PRKN_HUMAN_Clausen_2023,8756,8756,1439,1439,0.4,0.7
FKBP3_HUMAN_Rocklin_2023_2KFV,1237,1237,3204,3211,0.4,0.7
FECA_ECOLI_Rocklin_2023_2D1U,1956,1956,71686,74151,0.4,0.7
DNJA1_HUMAN_Rocklin_2023_2LO1,2378,2378,279583,279583,0.5,0.8
EPHB2_HUMAN_Rocklin_2023_1F0M,2037,2037,121757,212092,0.5,0.8
SERC_HUMAN_Xie_2023,1914,1914,42689,230619,0.4,0.8
ISDH_STAAW_Rocklin_2023_2LHR,2055,2055,66117,115389,0.4,0.8
MAFG_MOUSE_Rocklin_2023_1K1V,1503,1503,6165,6165,0.4,0.7
DOCK1_MOUSE_Rocklin_2023_2M0Y,3094,3094,489163,704905,0.5,0.8
ILF3_HUMAN_Rocklin_2023_2L33,1329,1329,139922,145141,0.5,0.8
MBD11_ARATH_Rocklin_2023_6ACV,2224,2224,6176,26018,0.4,0.7
NUSA_ECOLI_Rocklin_2023_1WCL,2106,2106,42503,205102,0.4,0.8
ODP2_GEOSE_Rocklin_2023_1W4G,1197,1197,163494,163539,0.5,0.8
NUSG_MYCTU_Rocklin_2023_2MI6,1419,1419,58698,101619,0.4,0.8
NKX31_HUMAN_Rocklin_2023_2L9R,2631,2631,287085,318555,0.5,0.8
MYO3_YEAST_Rocklin_2023_2BTT,3580,3580,322437,442632,0.5,0.8
PR40A_HUMAN_Rocklin_2023_1UZC,2136,2136,40640,63514,0.4,0.7
PIN1_HUMAN_Rocklin_2023_1I6C,814,814,245660,248166,0.5,0.8
PSAE_SYNP2_Rocklin_2023_1PSE,1612,1612,1782,1782,0.4,0.7
PKN1_HUMAN_Rocklin_2023_1URF,1301,1301,44669,187634,0.4,0.8
PITX2_HUMAN_Rocklin_2023_2L7M,1925,1925,333295,343444,0.5,0.8
HXK4_HUMAN_Gersing_2023_abundance,8775,8775,23576,23943,0.4,0.7
OBSCN_HUMAN_Rocklin_2023_1V1C,3417,3417,104975,718204,0.5,0.8
RCD1_ARATH_Rocklin_2023_5OAO,1313,1313,3849,6516,0.4,0.7
RD23A_HUMAN_Rocklin_2023_1IFY,1046,1046,81197,100928,0.4,0.8
RBP1_HUMAN_Rocklin_2023_2KWH,1370,1370,88687,135851,0.4,0.8
RAD_ANTMA_Rocklin_2023_2CJJ,979,979,136709,422977,0.5,0.8
RFAH_ECOLI_Rocklin_2023_2LCL,1364,1364,36732,85783,0.4,0.7
RCRO_LAMBD_Rocklin_2023_1ORC,2395,2395,38593,392691,0.4,0.8
OTU7A_HUMAN_Rocklin_2023_2L2D,635,635,237874,1357721,0.5,0.8
RS15_GEOSE_Rocklin_2023_1A32,1195,1195,44167,44168,0.4,0.7
SBI_STAAM_Rocklin_2023_2JVG,1025,1025,8671,14472,0.4,0.7
SCIN_STAAR_Rocklin_2023_2QFF,1212,1212,9281,37908,0.4,0.7
SAV1_MOUSE_Rocklin_2023_2YSB,1000,1000,177016,177459,0.5,0.8
SDA_BACSU_Rocklin_2023_1PV0,2992,2992,1953,1953,0.4,0.7
RL20_AQUAE_Rocklin_2023_1GYZ,1500,1500,53319,396793,0.4,0.8
HXK4_HUMAN_Gersing_2023_abundance,8775,8775,23576,23943,0.4,0.7
HECD1_HUMAN_Rocklin_2023_3DKM,6154,6154,18564,18637,0.4,0.7
SPA_STAAU_Rocklin_2023_1LP1,2222,2222,143941,184788,0.5,0.8
SQSTM_MOUSE_Rocklin_2023_2RRU,707,707,27578,34636,0.4,0.7
SOX30_HUMAN_Rocklin_2023_7JJK,1010,1010,128667,157812,0.5,0.8
SR43C_ARATH_Rocklin_2023_2N88,1659,1659,75556,101015,0.4,0.8
TCRG1_MOUSE_Rocklin_2023_1E0L,1103,1103,43319,43321,0.4,0.7
MTHR_HUMAN_Weile_2021,13060,13060,4724,4724,0.4,0.7
S22A1_HUMAN_Yee_2023_abundance,10607,10607,37735,197259,0.4,0.8
THO1_YEAST_Rocklin_2023_2WQG,1350,1350,48270,54786,0.4,0.7
S22A1_HUMAN_Yee_2023_activity,10607,10607,37735,197259,0.4,0.8
SPTN1_CHICK_Rocklin_2023_1TUD,3478,3478,286208,420475,0.5,0.8
TNKS2_HUMAN_Rocklin_2023_5JRT,1518,1518,141029,270473,0.5,0.8
KCNE1_HUMAN_Muhammad_2023_function,2413,2413,1296,2104,0.4,0.7
KCNE1_HUMAN_Muhammad_2023_expression,2413,2413,1296,2104,0.4,0.7
KCNE1_HUMAN_Muhammad_2023_function,2413,2413,1296,2104,0.4,0.7
S22A1_HUMAN_Yee_2023_activity,10607,10607,37735,197259,0.4,0.8
S22A1_HUMAN_Yee_2023_abundance,10607,10607,37735,197259,0.4,0.8
KCNE1_HUMAN_Muhammad_2023_expression,2413,2413,1296,2104,0.4,0.7
SRBS1_HUMAN_Rocklin_2023_2O2W,1593,1593,392899,708068,0.5,0.8
RNC_ECOLI_Weeks_2023,4277,4277,65948,66060,0.4,0.7
RNC_ECOLI_Weeks_2023,4277,4277,65948,66060,0.4,0.7
MLAC_ECOLI_MacRae_2023,4218,4218,10589,22677,0.4,0.7
HEM3_HUMAN_Loggerenberg_2023,5972,5972,59085,59125,0.4,0.7
HEM3_HUMAN_Loggerenberg_2023,5972,5972,59085,59125,0.4,0.7
DYR_ECOLI_Nguyen_2023,3075,3075,56800,188025,0.4,0.8
PRKN_HUMAN_Clausen_2023,8756,8756,1439,1439,0.4,0.7
AICDA_HUMAN_Gajula_2014_3cycles,209,209,4532,18005,0.4,0.7
SRC_HUMAN_Nguyen_2022,3366,3366,37138,37311,0.4,0.7
CASP3_HUMAN_Roychowdhury_2020,1567,1567,20630,85635,0.4,0.7
CASP7_HUMAN_Roychowdhury_2020,1680,1680,18800,70723,0.4,0.7
AMFR_HUMAN_Rocklin_2023_4G3O,3202,3202,8919,17781,0.4,0.7
SRC_HUMAN_Chakraborty_2023_binding-DAS_25uM,3637,3637,37138,37311,0.4,0.7
BCHB_CHLTE_Rocklin_2023_2KRU,1648,1648,10790,12038,0.4,0.7
ARGR_ECOLI_Rocklin_2023_1AOY,1287,1287,16432,21414,0.4,0.7
OTC_HUMAN_Lo_2023,1570,1570,93655,134484,0.4,0.8
CBPA2_HUMAN_Rocklin_2023_1O6X,2145,2145,10291,12623,0.4,0.7
CBX4_HUMAN_Rocklin_2023_2K28,2456,2456,102085,108137,0.5,0.8
CUE1_YEAST_Rocklin_2023_2MYX,1649,1649,3131,3210,0.4,0.7
DN7A_SACS2_Rocklin_2023_1JIC,1008,1008,32587,42727,0.4,0.7
CSN4_MOUSE_Rocklin_2023_1UFM,3517,3517,17796,39150,0.4,0.7
BBC1_YEAST_Rocklin_2023_1TG0,2168,2168,383767,604372,0.5,0.8
S22A1_HUMAN_Yee_2023_abundance,10607,10607,37735,197259,0.4,0.8
CATR_CHLRE_Rocklin_2023_2AMI,2002,2002,423400,549890,0.5,0.8
SERC_HUMAN_Xie_2023,1914,1914,42689,230619,0.4,0.8
EPHB2_HUMAN_Rocklin_2023_1F0M,2037,2037,121757,212092,0.5,0.8
FECA_ECOLI_Rocklin_2023_2D1U,1956,1956,71686,74151,0.4,0.7
S22A1_HUMAN_Yee_2023_activity,10607,10607,37735,197259,0.4,0.8
DNJA1_HUMAN_Rocklin_2023_2LO1,2378,2378,279583,279583,0.5,0.8
FKBP3_HUMAN_Rocklin_2023_2KFV,1237,1237,3204,3211,0.4,0.7
PRKN_HUMAN_Clausen_2023,8756,8756,1439,1439,0.4,0.7
HECD1_HUMAN_Rocklin_2023_3DKM,6154,6154,18564,18637,0.4,0.7
ISDH_STAAW_Rocklin_2023_2LHR,2055,2055,66117,115389,0.4,0.8
DYR_ECOLI_Nguyen_2023,3075,3075,56800,188025,0.4,0.8
MAFG_MOUSE_Rocklin_2023_1K1V,1503,1503,6165,6165,0.4,0.7
ILF3_HUMAN_Rocklin_2023_2L33,1329,1329,139922,145141,0.5,0.8
MBD11_ARATH_Rocklin_2023_6ACV,2224,2224,6176,26018,0.4,0.7
DOCK1_MOUSE_Rocklin_2023_2M0Y,3094,3094,489163,704905,0.5,0.8
NKX31_HUMAN_Rocklin_2023_2L9R,2631,2631,287085,318555,0.5,0.8
MLAC_ECOLI_MacRae_2023,4218,4218,10589,22677,0.4,0.7
MYO3_YEAST_Rocklin_2023_2BTT,3580,3580,322437,442632,0.5,0.8
MTHR_HUMAN_Weile_2021,13060,13060,4724,4724,0.4,0.7
ENVZ_ECOLI_Ghose_2023,1121,1121,1218525,1877796,0.5,0.8
NUSA_ECOLI_Rocklin_2023_1WCL,2106,2106,42503,205102,0.4,0.8
NUSG_MYCTU_Rocklin_2023_2MI6,1419,1419,58698,101619,0.4,0.8
ODP2_GEOSE_Rocklin_2023_1W4G,1197,1197,163494,163539,0.5,0.8
PIN1_HUMAN_Rocklin_2023_1I6C,814,814,245660,248166,0.5,0.8
SRC_HUMAN_Nguyen_2022,3366,3366,37138,37311,0.4,0.7
PSAE_SYNP2_Rocklin_2023_1PSE,1612,1612,1782,1782,0.4,0.7
PKN1_HUMAN_Rocklin_2023_1URF,1301,1301,44669,187634,0.4,0.8
OBSCN_HUMAN_Rocklin_2023_1V1C,3417,3417,104975,718204,0.5,0.8
PR40A_HUMAN_Rocklin_2023_1UZC,2136,2136,40640,63514,0.4,0.7
PITX2_HUMAN_Rocklin_2023_2L7M,1925,1925,333295,343444,0.5,0.8
RCD1_ARATH_Rocklin_2023_5OAO,1313,1313,3849,6516,0.4,0.7
RBP1_HUMAN_Rocklin_2023_2KWH,1370,1370,88687,135851,0.4,0.8
RFAH_ECOLI_Rocklin_2023_2LCL,1364,1364,36732,85783,0.4,0.7
RD23A_HUMAN_Rocklin_2023_1IFY,1046,1046,81197,100928,0.4,0.8
OTU7A_HUMAN_Rocklin_2023_2L2D,635,635,237874,1357721,0.5,0.8
RAD_ANTMA_Rocklin_2023_2CJJ,979,979,136709,422977,0.5,0.8
RS15_GEOSE_Rocklin_2023_1A32,1195,1195,44167,44168,0.4,0.7
RCRO_LAMBD_Rocklin_2023_1ORC,2395,2395,38593,392691,0.4,0.8
SRC_HUMAN_Chakraborty_2023_binding-DAS_25uM,3637,3637,37138,37311,0.4,0.7
RL20_AQUAE_Rocklin_2023_1GYZ,1500,1500,53319,396793,0.4,0.8
SBI_STAAM_Rocklin_2023_2JVG,1025,1025,8671,14472,0.4,0.7
AICDA_HUMAN_Gajula_2014_3cycles,209,209,4532,18005,0.4,0.7
SCIN_STAAR_Rocklin_2023_2QFF,1212,1212,9281,37908,0.4,0.7
SAV1_MOUSE_Rocklin_2023_2YSB,1000,1000,177016,177459,0.5,0.8
SDA_BACSU_Rocklin_2023_1PV0,2992,2992,1953,1953,0.4,0.7
SOX30_HUMAN_Rocklin_2023_7JJK,1010,1010,128667,157812,0.5,0.8
SPA_STAAU_Rocklin_2023_1LP1,2222,2222,143941,184788,0.5,0.8
SQSTM_MOUSE_Rocklin_2023_2RRU,707,707,27578,34636,0.4,0.7
SR43C_ARATH_Rocklin_2023_2N88,1659,1659,75556,101015,0.4,0.8
ENVZ_ECOLI_Ghose_2023,1121,1121,1218525,1877796,0.5,0.8
CASP7_HUMAN_Roychowdhury_2020,1680,1680,18800,70723,0.4,0.7
CASP3_HUMAN_Roychowdhury_2020,1567,1567,20630,85635,0.4,0.7
TCRG1_MOUSE_Rocklin_2023_1E0L,1103,1103,43319,43321,0.4,0.7
THO1_YEAST_Rocklin_2023_2WQG,1350,1350,48270,54786,0.4,0.7
TNKS2_HUMAN_Rocklin_2023_5JRT,1518,1518,141029,270473,0.5,0.8
OTC_HUMAN_Lo_2023,1570,1570,93655,134484,0.4,0.8
SPTN1_CHICK_Rocklin_2023_1TUD,3478,3478,286208,420475,0.5,0.8
AMFR_HUMAN_Rocklin_2023_4G3O,3202,3202,8919,17781,0.4,0.7
ARGR_ECOLI_Rocklin_2023_1AOY,1287,1287,16432,21414,0.4,0.7
BCHB_CHLTE_Rocklin_2023_2KRU,1648,1648,10790,12038,0.4,0.7
CBPA2_HUMAN_Rocklin_2023_1O6X,2145,2145,10291,12623,0.4,0.7
MTHR_HUMAN_Weile_2021,13060,13060,4724,4724,0.4,0.7
CUE1_YEAST_Rocklin_2023_2MYX,1649,1649,3131,3210,0.4,0.7
SRBS1_HUMAN_Rocklin_2023_2O2W,1593,1593,392899,708068,0.5,0.8
DN7A_SACS2_Rocklin_2023_1JIC,1008,1008,32587,42727,0.4,0.7
CSN4_MOUSE_Rocklin_2023_1UFM,3517,3517,17796,39150,0.4,0.7
CBX4_HUMAN_Rocklin_2023_2K28,2456,2456,102085,108137,0.5,0.8
FKBP3_HUMAN_Rocklin_2023_2KFV,1237,1237,3204,3211,0.4,0.7
FECA_ECOLI_Rocklin_2023_2D1U,1956,1956,71686,74151,0.4,0.7
BBC1_YEAST_Rocklin_2023_1TG0,2168,2168,383767,604372,0.5,0.8
MAFG_MOUSE_Rocklin_2023_1K1V,1503,1503,6165,6165,0.4,0.7
CATR_CHLRE_Rocklin_2023_2AMI,2002,2002,423400,549890,0.5,0.8
MBD11_ARATH_Rocklin_2023_6ACV,2224,2224,6176,26018,0.4,0.7
EPHB2_HUMAN_Rocklin_2023_1F0M,2037,2037,121757,212092,0.5,0.8
ISDH_STAAW_Rocklin_2023_2LHR,2055,2055,66117,115389,0.4,0.8
DNJA1_HUMAN_Rocklin_2023_2LO1,2378,2378,279583,279583,0.5,0.8
ILF3_HUMAN_Rocklin_2023_2L33,1329,1329,139922,145141,0.5,0.8
NUSG_MYCTU_Rocklin_2023_2MI6,1419,1419,58698,101619,0.4,0.8
ODP2_GEOSE_Rocklin_2023_1W4G,1197,1197,163494,163539,0.5,0.8
SERC_HUMAN_Xie_2023,1914,1914,42689,230619,0.4,0.8
PIN1_HUMAN_Rocklin_2023_1I6C,814,814,245660,248166,0.5,0.8
NUSA_ECOLI_Rocklin_2023_1WCL,2106,2106,42503,205102,0.4,0.8
NKX31_HUMAN_Rocklin_2023_2L9R,2631,2631,287085,318555,0.5,0.8
PSAE_SYNP2_Rocklin_2023_1PSE,1612,1612,1782,1782,0.4,0.7
RCD1_ARATH_Rocklin_2023_5OAO,1313,1313,3849,6516,0.4,0.7
PKN1_HUMAN_Rocklin_2023_1URF,1301,1301,44669,187634,0.4,0.8
PR40A_HUMAN_Rocklin_2023_1UZC,2136,2136,40640,63514,0.4,0.7
MYO3_YEAST_Rocklin_2023_2BTT,3580,3580,322437,442632,0.5,0.8
RBP1_HUMAN_Rocklin_2023_2KWH,1370,1370,88687,135851,0.4,0.8
PITX2_HUMAN_Rocklin_2023_2L7M,1925,1925,333295,343444,0.5,0.8
DOCK1_MOUSE_Rocklin_2023_2M0Y,3094,3094,489163,704905,0.5,0.8
RS15_GEOSE_Rocklin_2023_1A32,1195,1195,44167,44168,0.4,0.7
RFAH_ECOLI_Rocklin_2023_2LCL,1364,1364,36732,85783,0.4,0.7
RD23A_HUMAN_Rocklin_2023_1IFY,1046,1046,81197,100928,0.4,0.8
SAV1_MOUSE_Rocklin_2023_2YSB,1000,1000,177016,177459,0.5,0.8
SQSTM_MOUSE_Rocklin_2023_2RRU,707,707,27578,34636,0.4,0.7
SBI_STAAM_Rocklin_2023_2JVG,1025,1025,8671,14472,0.4,0.7
RAD_ANTMA_Rocklin_2023_2CJJ,979,979,136709,422977,0.5,0.8
SCIN_STAAR_Rocklin_2023_2QFF,1212,1212,9281,37908,0.4,0.7
SOX30_HUMAN_Rocklin_2023_7JJK,1010,1010,128667,157812,0.5,0.8
TCRG1_MOUSE_Rocklin_2023_1E0L,1103,1103,43319,43321,0.4,0.7
SPA_STAAU_Rocklin_2023_1LP1,2222,2222,143941,184788,0.5,0.8
THO1_YEAST_Rocklin_2023_2WQG,1350,1350,48270,54786,0.4,0.7
RCRO_LAMBD_Rocklin_2023_1ORC,2395,2395,38593,392691,0.4,0.8
RL20_AQUAE_Rocklin_2023_1GYZ,1500,1500,53319,396793,0.4,0.8
SR43C_ARATH_Rocklin_2023_2N88,1659,1659,75556,101015,0.4,0.8
OTU7A_HUMAN_Rocklin_2023_2L2D,635,635,237874,1357721,0.5,0.8
TNKS2_HUMAN_Rocklin_2023_5JRT,1518,1518,141029,270473,0.5,0.8
SPTN1_CHICK_Rocklin_2023_1TUD,3478,3478,286208,420475,0.5,0.8
SRBS1_HUMAN_Rocklin_2023_2O2W,1593,1593,392899,708068,0.5,0.8
HECD1_HUMAN_Rocklin_2023_3DKM,6154,6154,18564,18637,0.4,0.7
OBSCN_HUMAN_Rocklin_2023_1V1C,3417,3417,104975,718204,0.5,0.8
SDA_BACSU_Rocklin_2023_1PV0,2992,2992,1953,1953,0.4,0.7
HXK4_HUMAN_Gersing_2023_abundance,8775,8775,23576,23943,0.4,0.7
PHOT_CHLRE_Chen_2023_singles,2121,2121,165471,1625547,0.5,0.8
PHOT_CHLRE_Chen_2023_singles,2121,2121,165471,1625547,0.5,0.8
A4_HUMAN_Seuma_2022,751,751,5223,5230,0.4,0.7
A4_HUMAN_Seuma_2022,751,751,5223,5230,0.4,0.7
PHOT_CHLRE_Chen_2023_singles,2121,2121,165471,1625547,0.5,0.8
OXDA_RHOTO_Vanella_2023_activity,6727,6727,14123,517043,0.4,0.8
A4_HUMAN_Seuma_2022,751,751,5223,5230,0.4,0.7
CCR5_HUMAN_Gill_2023,6154,6154,67164,611225,0.4,0.8
OXDA_RHOTO_Vanella_2023_expression,6727,6727,14123,517043,0.4,0.8
CCR5_HUMAN_Gill_2023,6154,6154,67164,611225,0.4,0.8
OXDA_RHOTO_Vanella_2023_expression,6727,6727,14123,517043,0.4,0.8
OXDA_RHOTO_Vanella_2023_activity,6727,6727,14123,517043,0.4,0.8
CCR5_HUMAN_Gill_2023,6154,6154,67164,611225,0.4,0.8
PHOT_CHLRE_Chen_2023_multiples,165427,165427,165471,1625547,0.5,0.8
PHOT_CHLRE_Chen_2023_multiples,165427,165427,165471,1625547,0.5,0.8
OXDA_RHOTO_Vanella_2023_expression,6727,6727,14123,517043,0.4,0.8
OXDA_RHOTO_Vanella_2023_activity,6727,6727,14123,517043,0.4,0.8
PHOT_CHLRE_Chen_2023_multiples,165427,165427,165471,1625547,0.5,0.8
SAV1_MOUSE_Rocklin_2023_2YSB,1000,1000,177016,177459,0.5,0.8
